Version 0.9.7
5
 4 1036 182 77 128 0 1
 5 80 400 206 81 2 2
 3 403 461 203 58 8 3
 0 105 175 877 276 17 4
 1 147 455 206 81 149 5
 0
12
 16711680 5 925 423 925 423 925 422 1097 422 1097 295 1097 295 0 4 0 1
 255 5 1097 196 1097 196 925 196 925 196 925 202 925 202 0 1 0 4
 255 5 912 436 912 436 912 436 912 202 912 202 912 202 0 4 0 4
 16711680 5 899 423 899 423 899 423 899 189 899 189 899 189 0 4 0 4
 255 5 158 436 158 436 158 466 158 466 162 466 162 466 0 4 0 5
 16711680 5 158 423 158 423 158 524 158 524 162 524 162 524 0 4 0 5
 65280 5 203 466 203 466 164 466 164 384 158 384 158 384 0 5 0 4
 65280 5 222 466 222 466 174 466 174 384 171 384 171 384 0 5 0 4
 255 5 158 241 158 241 158 241 158 202 158 202 158 202 0 4 0 4
 16711680 5 236 384 236 384 236 384 236 423 236 423 236 423 0 4 0 4
 8388863 5 184 345 184 345 382 345 382 505 449 505 449 505 0 4 0 3
 8388608 5 414 498 414 498 414 423 414 423 418 423 418 423 0 3 0 4
4
 7008 1 14 763 293 5 0 2076722408 2070237964 4
 7032 1 14 633 293 5 0 2076722408 2070237964 4
 7000 1 14 529 293 5 0 2076722408 2070237964 4
 7086 1 14 425 293 5 0 2076722408 2070237964 4
