Version 0.9.7
6
 4 1036 182 77 128 0 1
 5 80 400 206 81 2 2
 3 403 461 203 58 8 3
 0 105 175 877 276 17 4
 1 147 455 206 81 149 5
 6 359 26 449 130 183 6
 0
23
 16711680 5 925 423 925 423 925 422 1097 422 1097 295 1097 295 0 4 0 1
 255 5 1097 196 1097 196 925 196 925 196 925 202 925 202 0 1 0 4
 255 5 912 436 912 436 912 436 912 202 912 202 912 202 0 4 0 4
 16711680 5 899 423 899 423 899 423 899 189 899 189 899 189 0 4 0 4
 255 5 158 436 158 436 158 466 158 466 162 466 162 466 0 4 0 5
 16711680 5 158 423 158 423 158 524 158 524 162 524 162 524 0 4 0 5
 255 5 158 241 158 241 158 241 158 202 158 202 158 202 0 4 0 4
 16711680 5 366 384 366 384 366 384 366 423 366 423 366 423 0 4 0 4
 255 5 288 241 288 241 288 241 288 202 288 202 288 202 0 4 0 4
 255 5 418 241 418 241 418 241 418 241 418 202 418 202 0 4 0 4
 16711680 5 249 384 249 384 249 384 249 423 249 423 249 423 0 4 0 4
 8453888 5 375 53 375 53 375 202 375 202 379 202 379 202 0 6 0 4
 8388863 5 197 241 211 241 211 246 396 246 396 149 396 149 0 4 0 6
 8388863 5 210 254 210 254 409 254 409 254 409 149 409 149 0 4 0 6
 8388863 5 223 267 223 267 422 267 422 267 422 149 422 149 0 4 0 6
 8388863 5 236 280 236 280 236 273 435 273 435 149 435 149 0 4 0 6
 8388863 5 249 280 249 280 448 280 448 280 448 149 448 149 0 4 0 6
 8388863 5 236 384 236 384 183 384 183 466 203 466 203 466 0 4 0 5
 8388863 5 158 384 158 384 167 384 167 441 222 441 222 466 0 4 0 5
 8388863 5 241 466 241 466 241 431 171 431 171 384 171 384 0 5 0 4
 8388863 5 260 466 260 466 260 491 279 491 279 371 223 371 0 5 0 4
 8388863 5 171 241 171 241 171 200 461 200 461 149 461 149 0 4 0 6
 8388863 5 184 280 184 280 474 280 474 280 474 149 474 149 0 4 0 6
1
 7047 1 16 152 293 5 0 2076722408 2070237964 4
