Version 0.9.7
5
 4 1036 182 77 128 0 1
 5 80 400 206 81 2 2
 3 403 461 203 58 8 3
 0 105 175 877 276 17 4
 1 147 455 206 81 149 5
 0
32
 16711680 5 925 423 925 423 925 422 1097 422 1097 295 1097 295 0 4 0 1
 255 5 1097 196 1097 196 925 196 925 196 925 202 925 202 0 1 0 4
 255 5 912 436 912 436 912 436 912 202 912 202 912 202 0 4 0 4
 16711680 5 899 423 899 423 899 423 899 189 899 189 899 189 0 4 0 4
 255 5 158 436 158 436 158 466 158 466 162 466 162 466 0 4 0 5
 16711680 5 158 423 158 423 158 524 158 524 162 524 162 524 0 4 0 5
 16711680 5 262 384 262 384 262 384 262 423 262 423 262 423 0 4 0 4
 255 5 184 241 184 241 184 241 184 202 184 202 184 202 0 4 0 4
 65408 5 203 492 203 492 203 492 184 492 184 384 184 384 0 5 0 4
 65280 5 184 345 184 345 184 345 314 345 314 345 314 345 0 4 0 4
 8388863 5 210 384 210 384 211 384 211 479 222 479 222 479 0 4 0 5
 8388863 5 223 358 223 358 223 358 327 358 327 358 327 358 0 4 0 4
 16744703 5 340 345 340 345 340 345 431 345 431 345 431 345 0 4 0 4
 65280 5 197 371 197 371 197 364 353 364 353 371 353 371 0 4 0 4
 8388863 5 366 371 366 371 366 374 197 374 197 384 197 384 0 4 0 4
 16744703 5 379 358 379 358 379 358 444 358 444 358 444 358 0 4 0 4
 16744703 5 457 345 457 345 457 345 470 345 470 345 470 345 0 4 0 4
 8388672 5 392 384 392 384 392 384 392 423 392 423 392 423 0 4 0 4
 8388672 5 509 384 509 384 509 384 509 423 509 423 509 423 0 4 0 4
 255 5 314 241 314 241 314 241 314 202 314 202 314 202 0 4 0 4
 255 5 431 241 431 241 431 241 431 202 431 202 431 202 0 4 0 4
 4259584 5 353 384 353 384 353 408 275 408 275 384 275 384 0 4 0 4
 8388863 5 327 384 327 384 327 401 288 401 288 384 288 384 0 4 0 4
 8388863 5 288 332 288 332 288 332 288 293 288 293 288 293 0 4 0 4
 65280 5 275 332 275 332 275 332 275 293 275 293 275 293 0 4 0 4
 65280 5 340 280 340 280 340 280 275 280 275 280 275 280 0 4 0 4
 8388863 5 288 267 288 267 288 267 327 267 327 267 327 267 0 4 0 4
 16744703 5 353 254 353 254 353 254 418 254 418 254 418 254 0 4 0 4
 16744703 5 418 293 418 293 418 293 418 332 418 332 418 332 0 4 0 4
 16744703 5 418 384 418 384 418 384 483 384 483 384 483 384 0 4 0 4
 16744703 5 496 345 496 345 496 505 496 505 449 505 449 505 0 4 0 3
 8388672 5 418 423 418 423 418 498 418 498 414 498 414 498 0 4 0 3
3
 7004 1 14 178 293 5 0 2076722408 2070237964 4
 7008 1 14 308 293 5 0 2076722408 2070237964 4
 7032 1 14 425 293 5 0 2076722408 2070237964 4
