Version 0.9.7
5
 4 1036 182 77 128 0 1
 5 80 400 206 81 2 2
 3 403 461 203 58 8 3
 0 105 175 877 276 17 4
 1 147 455 206 81 149 5
 0
24
 16711680 5 925 423 925 423 925 422 1097 422 1097 295 1097 295 0 4 0 1
 255 5 1097 196 1097 196 925 196 925 196 925 202 925 202 0 1 0 4
 255 5 912 436 912 436 912 436 912 202 912 202 912 202 0 4 0 4
 16711680 5 899 423 899 423 899 423 899 189 899 189 899 189 0 4 0 4
 255 5 158 436 158 436 158 466 158 466 162 466 162 466 0 4 0 5
 16711680 5 158 423 158 423 158 524 158 524 162 524 162 524 0 4 0 5
 65280 5 203 466 203 466 164 466 164 384 158 384 158 384 0 5 0 4
 255 5 158 241 158 241 158 241 158 202 158 202 158 202 0 4 0 4
 16711680 5 236 384 236 384 236 384 236 423 236 423 236 423 0 4 0 4
 8388608 5 414 498 414 498 414 423 414 423 418 423 418 423 0 3 0 4
 16711680 5 366 384 366 384 366 384 366 423 366 423 366 423 0 4 0 4
 255 5 288 241 288 241 288 241 288 202 288 202 288 202 0 4 0 4
 65280 5 222 466 222 466 185 466 185 384 184 384 184 384 0 5 0 4
 1052688 5 171 345 171 345 171 345 288 345 288 345 288 345 0 4 0 4
 1052688 5 184 358 184 358 184 351 301 351 301 358 301 358 0 4 0 4
 1052688 5 158 371 158 371 158 393 340 393 340 371 340 371 0 4 0 4
 1052688 5 197 371 197 371 197 386 327 386 327 371 327 371 0 4 0 4
 16711680 5 496 384 496 384 496 384 496 423 496 423 496 423 0 4 0 4
 255 5 418 241 418 241 418 241 418 202 418 202 418 202 0 4 0 4
 65535 5 314 358 314 358 314 513 449 513 449 505 449 505 0 4 0 3
 65535 5 353 371 353 371 460 371 460 505 469 505 469 505 0 4 0 3
 65793 5 314 345 314 345 314 339 431 339 431 345 431 345 0 4 0 4
 65793 5 353 358 353 358 353 351 444 351 444 358 444 358 0 4 0 4
 65535 5 418 384 655 384 655 557 489 557 489 505 489 505 0 4 0 3
3
 7004 1 14 152 293 5 0 2076722408 2070237964 4
 7008 1 14 282 293 5 0 2076722408 2070237964 4
 7002 1 14 412 293 5 0 2076722408 2070237964 4
