Version 0.9.7
6
 4 1036 182 77 128 0 1
 5 80 400 206 81 2 2
 3 403 461 203 58 8 3
 0 105 175 877 276 17 4
 1 147 455 206 81 149 5
 3 735 81 203 58 161 6
 0
60
 16711680 5 925 423 925 423 925 422 1097 422 1097 295 1097 295 0 4 0 1
 255 5 1097 196 1097 196 925 196 925 196 925 202 925 202 0 1 0 4
 255 5 912 436 912 436 912 436 912 202 912 202 912 202 0 4 0 4
 16711680 5 899 423 899 423 899 423 899 189 899 189 899 189 0 4 0 4
 255 5 158 436 158 436 158 466 158 466 162 466 162 466 0 4 0 5
 16711680 5 158 423 158 423 158 524 158 524 162 524 162 524 0 4 0 5
 8388608 5 414 498 414 498 414 423 414 423 418 423 418 423 0 3 0 4
 255 5 652 280 652 280 652 280 652 202 652 202 652 202 0 4 0 4
 16711680 5 730 384 730 384 730 384 730 423 730 423 730 423 0 4 0 4
 255 5 210 241 210 241 210 241 210 202 210 202 210 202 0 4 0 4
 16711680 5 288 384 288 384 288 384 288 423 288 423 288 423 0 4 0 4
 15790320 5 222 492 222 492 209 492 209 384 210 384 210 384 0 5 0 4
 15790320 5 241 479 241 479 241 479 236 479 236 384 236 384 0 5 0 4
 15790320 5 260 466 260 466 260 384 260 384 262 384 262 384 0 5 0 4
 15790320 5 301 241 301 241 301 241 275 241 275 241 275 241 0 4 0 4
 15790320 5 210 371 210 371 210 388 132 388 132 371 132 371 0 4 0 4
 15790320 5 262 371 260 371 260 400 184 400 184 371 184 371 0 4 0 4
 15790320 5 132 293 132 293 132 293 132 332 132 332 132 332 0 4 0 4
 15790320 5 158 293 158 293 158 293 158 332 158 332 158 332 0 4 0 4
 15790320 5 184 332 184 332 184 332 184 293 184 293 184 293 0 4 0 4
 1052688 5 223 345 223 345 223 337 145 337 145 345 145 345 0 4 0 4
 1052688 5 249 345 249 345 249 341 171 341 171 345 171 345 0 4 0 4
 1052688 5 275 345 275 345 275 338 197 338 197 345 197 345 0 4 0 4
 1052688 5 288 254 288 254 288 254 314 254 314 254 314 254 0 4 0 4
 1052688 5 314 293 314 293 314 293 314 332 314 332 314 332 0 4 0 4
 16777215 5 301 293 301 293 301 293 301 332 301 332 301 332 0 4 0 4
 255 5 327 241 327 241 327 241 327 202 327 202 327 202 0 4 0 4
 65280 5 340 358 340 358 340 350 249 350 249 358 249 358 0 4 0 4
 65280 5 314 345 314 345 314 341 327 341 327 345 327 345 0 4 0 4
 16777088 5 392 384 392 384 392 616 665 616 665 384 665 384 0 4 0 4
 16711680 5 405 384 405 384 405 384 405 423 405 423 405 423 0 4 0 4
 1052688 5 145 332 145 332 145 332 145 293 145 293 145 293 0 4 0 4
 1052688 5 171 332 171 332 171 332 171 293 171 293 171 293 0 4 0 4
 1052688 5 197 332 197 332 197 332 197 293 197 293 197 293 0 4 0 4
 65280 5 145 280 145 280 145 285 340 285 340 280 340 280 0 4 0 4
 65280 5 353 280 353 280 171 280 171 280 171 267 171 267 0 4 0 4
 65280 5 132 254 132 254 132 256 379 256 379 254 379 254 0 4 0 4
 65280 5 301 267 301 267 301 259 392 259 392 254 392 254 0 4 0 4
 16711680 5 522 384 522 384 522 384 522 423 522 423 522 423 0 4 0 4
 255 5 444 241 444 241 444 241 444 202 444 202 444 202 0 4 0 4
 255 5 509 241 509 241 509 241 509 202 509 202 509 202 0 4 0 4
 16776960 5 509 371 509 371 509 371 691 371 691 371 691 371 0 4 0 4
 4194432 5 678 358 678 358 678 358 704 358 704 358 704 358 0 4 0 4
 4194432 5 717 371 717 371 717 371 743 371 743 371 743 371 0 4 0 4
 4194432 5 743 332 743 332 743 332 743 293 743 293 743 293 0 4 0 4
 4194432 5 743 241 743 241 743 241 717 241 717 241 717 241 0 4 0 4
 16776960 5 704 254 704 254 704 254 522 254 522 254 522 254 0 4 0 4
 33023 5 589 505 589 505 730 505 730 505 730 280 730 280 0 3 0 4
 16777215 5 279 466 279 466 295 466 295 358 301 358 301 358 0 5 0 4
 16777215 5 236 371 236 371 236 394 158 394 158 371 158 371 0 4 0 4
 65280 5 223 358 223 358 223 365 366 365 366 358 366 358 0 4 0 4
 65280 5 236 358 236 358 236 447 470 447 470 384 470 384 0 4 0 4
 65280 5 262 358 262 358 262 441 483 441 483 384 483 384 0 4 0 4
 65280 5 301 384 301 384 301 435 496 435 496 384 496 384 0 4 0 4
 16776960 5 353 384 353 384 353 608 652 608 652 384 652 384 0 4 0 4
 65280 5 327 358 327 358 327 371 379 371 379 358 379 358 0 4 0 4
 8388736 5 691 267 691 267 691 226 496 226 496 267 496 267 0 4 0 4
 4194432 5 405 241 405 241 405 241 678 241 678 241 678 241 0 4 0 4
 8404992 5 366 280 366 280 366 280 665 280 665 280 665 280 0 4 0 4
 65280 5 197 267 197 267 197 267 483 267 483 267 483 267 0 4 0 4
4
 7004 1 14 204 293 5 0 2076722408 2070237964 4
 7008 1 14 321 293 5 0 2076722408 2070237964 4
 7032 1 14 646 293 5 0 2076722408 2070237964 4
 7011 1 14 438 293 5 0 2076722408 2070237964 4
