Version 0.9.7
5
 4 1036 182 77 128 0 1
 5 80 400 206 81 2 2
 3 403 461 203 58 8 3
 0 105 175 877 276 17 4
 1 147 455 206 81 149 5
 0
21
 16711680 5 925 423 925 423 925 422 1097 422 1097 295 1097 295 0 4 0 1
 255 5 1097 196 1097 196 925 196 925 196 925 202 925 202 0 1 0 4
 255 5 912 436 912 436 912 436 912 202 912 202 912 202 0 4 0 4
 16711680 5 899 423 899 423 899 423 899 189 899 189 899 189 0 4 0 4
 255 5 158 436 158 436 158 466 158 466 162 466 162 466 0 4 0 5
 16711680 5 158 423 158 423 158 524 158 524 162 524 162 524 0 4 0 5
 255 5 158 241 158 241 158 241 158 202 158 202 158 202 0 4 0 4
 16711680 5 236 384 236 384 236 384 236 423 236 423 236 423 0 4 0 4
 8388608 5 414 498 414 498 414 423 414 423 418 423 418 423 0 3 0 4
 8453888 5 203 479 203 479 161 479 161 384 158 384 158 384 0 5 0 4
 8453888 5 171 384 171 384 171 479 171 479 222 479 222 479 0 4 0 5
 8453888 5 210 384 210 384 206 384 206 466 241 466 241 466 0 4 0 5
 8453888 5 222 466 222 466 196 466 196 384 197 384 197 384 0 5 0 4
 8453888 5 241 479 241 479 251 479 251 384 288 384 288 384 0 5 0 4
 8453888 5 260 466 260 466 260 392 301 392 301 384 301 384 0 5 0 4
 0 5 203 492 203 492 376 492 376 505 449 505 449 505 0 5 0 3
 255 5 288 241 288 241 288 241 288 202 288 202 288 202 0 4 0 4
 16711680 5 366 384 366 384 366 384 366 423 366 423 366 423 0 4 0 4
 16711680 5 314 371 314 371 509 371 509 371 509 505 509 505 0 4 0 3
 16711680 5 223 358 223 358 489 358 489 358 489 505 489 505 0 4 0 3
 16711680 5 469 505 469 505 469 345 469 345 184 345 184 345 0 3 0 4
2
 7086 1 14 152 293 5 0 2076722408 2070237964 4
 7086 1 14 282 293 5 0 2076722408 2070237964 4
